110013
115AA01
115AA02
115AB02
115AC02
115AF01
115AG01
115AH01
115AI01
115AL01
115AN01
115AN02
115AO01
115AO02
115AR01
115AS01
115AT01
116AA01
116AB01
116AC01
116AD01
116AF01
116AF02
116AG01
116AG02
116AH01
116AH02
116AI01
116AI02
116AJ01
116AJ02
116AL01
116AL02
116AO01
116AR01
116AR02
116AS01
116AS02
116AT01
116AT02
117AA01
117AG01
117AH01
117AL01
130001
130002
130901
141701
150605
151002
160602
160902
161001
161903
171003
2110011
2130002
2130003
2130606
2131005
2140001
2140003
2140502
2140505
2140601
2140603
2140608
2140706
2140707
2140906
2140907
2140909
2141001
2141002
2141003
2141004
2141005
2141703
2141705
2141706
2141708
2141901
2141906
2141907
2141908
2142504
2142505
2150003
2150202
2150206
2150207
2150208
2150301
2150305
2150307
2150601
2150603
2150608
2150609
2150703
2150704
2150707
2150909
2151001
2151002
2151004
2151101
2151705
2151707
2151902
2151903
2151907
2151908
2151909
2160307
2160308
2160503
2160601
2160602
2160604
2160607
2160608
2160704
2160707
2160708
2160710
2160711
2161001
2161003
2161101
2161102
2161103
2161603
2161901
2161902
2161903
2161908
2161909
2170202
2170203
2170308
2170501
2170502
2170505
2170507
2170607
2170609
2170613
2170701
2170709
2170710
2170714
2170715
2170901
2170908
2170913
2171001
2171004
2171005
2171007
2171008
2171303
2171607
2171707
2171708
2171713
2171901
2171909
2171910
2171912
2171913
2172207
2172208
2180502
2180503
2180507
2180601
2180610
2180611
2180703
2180709
2180711
2180901
2180903
2180909
2180911
2181102
2181103
2181705
2181910
2181913
2181915
2181923
3110001
3110002
3110003
3110004
3110005
3110006
3110007
3110011
3110013
3110014
3110015
3110016
3110018
3110019
3130004
3130005
3130006
3130007
3130107
3130108
3130109
3130304
3130305
3130306
3130403
3130502
3130506
3130507
3130508
3130606
3130607
3130608
3130609
3130702
3130703
3130704
3130905
3130906
3130907
3130908
3131101
3131102
3131103
3131302
3131305
3131306
3131307
3131704
3131705
3131706
3131707
3131904
3131905
3131906
3132001
3132003
3132004
3132005
3132105
3132201
3132203
3132301
3132304
3132305
3132306
3132405
3132406
3132407
3132504
3132505
3132602
3132604
3132605
3132606
3132902
3132906
3132907
3132908
3134003
3134005
3134103
3134104
3134201
3140101
3140103
3140109
3140111
3140204
3140310
3140311
3140312
3140313
3140408
3140409
3140411
3140503
3140507
3140508
3140510
3140603
3140609
3140610
3140611
3140705
3140707
3140708
3140709
3140912
3140913
3140914
3140915
3141005
3141007
3141008
3141009
3141309
3141310
3141311
3141312
3141708
3141709
3141710
3141906
3141907
3141908
3141909
3142003
3142004
3142006
3142008
3142108
3142109
3142110
3142111
3142202
3142207
3142208
3142209
3142308
3142309
3142310
3142311
3142404
3142407
3142408
3142409
3142507
3142508
3142509
3142602
3142603
3142607
3142608
3142904
3142906
3142907
3142908
3143201
3144004
3144005
3144006
3144007
3144101
3144102
3144103
3144201
3144202
3144301
3144302
3144401
3144402
3144601
3144801
3144802
3144803
3145101
3145102
3145103
3145104
3145201
3150004
3150005
3150101
3150102
3150107
3150108
3150109
3150209
3150210
3150301
3150306
3150309
3150310
3150312
3150405
3150501
3150502
3150504
3150506
3150507
3150509
3150610
3150611
3150612
3150613
3150614
3150615
3150616
3150617
3150703
3150709
3150710
3150711
3150713
3150714
3150910
3150911
3150912
3150913
3151103
3151104
3151105
3151106
3151107
3151108
3151109
3151110
3151302
3151303
3151308
3151309
3151311
3151404
3151605
3151606
3151608
3151705
3151707
3151708
3151709
3151710
3151711
3151712
3151908
3151909
3151910
3151911
3151912
3151913
3152001
3152003
3152007
3152008
3152009
3152011
3152107
3152110
3152112
3152116
3152201
3152206
3152207
3152208
3152210
3152303
3152307
3152308
3152309
3152312
3152407
3152409
3152410
3152412
3152510
3152511
3152512
3152601
3152608
3152609
3152612
3152901
3152903
3152908
3152909
3152911
3153203
3153204
3153512
3153515
3153601
3153616
3153618
3153622
3154006
3154007
3154008
3154201
3154202
3154204
3154205
3154206
3154401
3160002
3160003
3160102
3160104
3160109
3160112
3160113
3160114
3160207
3160209
3160210
3160211
3160212
3160213
3160214
3160301
3160303
3160308
3160310
3160311
3160312
3160315
3160318
3160411
3160501
3160506
3160507
3160510
3160511
3160512
3160513
3160514
3160515
3160608
3160610
3160611
3160612
3160614
3160615
3160616
3160617
3160618
3160619
3160620
3160621
3160622
3160704
3160707
3160712
3160713
3160714
3160715
3160716
3160717
3160914
3160915
3160916
3160917
3160918
3160919
3160920
3160921
3160922
3160923
3161003
3161005
3161007
3161008
3161009
3161010
3161011
3161012
3161013
3161303
3161304
3161306
3161308
3161310
3161312
3161401
3161403
3161408
3161501
3161507
3161508
3161510
3161604
3161605
3161606
3161607
3161608
3161609
3161610
3161611
3161612
3161613
3161707
3161708
3161709
3161710
3161713
3161714
3161715
3161716
3161903
3161907
3161910
3161912
3161913
3161914
3161915
3161916
3161917
3161919
3161920
3161921
3161922
3161923
3161924
3161925
3161926
3162001
3162005
3162006
3162008
3162009
3162011
3162103
3162106
3162107
3162110
3162112
3162113
3162115
3162202
3162204
3162207
3162211
3162213
3162308
3162310
3162312
3162313
3162316
3162317
3162413
3162414
3162415
3162417
3162419
3162421
3162507
3162509
3162510
3162511
3162512
3162603
3162607
3162608
3162611
3162613
3162903
3162904
3162911
3162913
3162915
3163206
3163207
3163208
3163209
3163212
3163213
3163408
3163511
3163512
3163516
3164009
3164011
3164012
3164014
3164017
3164201
3164202
3164204
3164205
3164207
3164208
3164301
3164401
3164402
3164405
3164501
3164502
3164504
3165201
3165202
3170101
3170102
3170108
3170109
3170110
3170116
3170202
3170208
3170209
3170212
3170215
3170216
3170303
3170308
3170313
3170314
3170318
3170319
3170407
3170411
3170418
3170501
3170502
3170509
3170510
3170511
3170512
3170514
3170515
3170516
3170609
3170614
3170615
3170616
3170617
3170618
3170619
3170620
3170621
3170622
3170627
3170628
3170701
3170710
3170716
3170717
3170718
3170719
3170720
3170721
3170722
3170725
3170726
3170906
3170908
3170909
3170915
3170916
3170917
3170919
3170920
3170924
3170925
3171001
3171003
3171004
3171104
3171105
3171106
3171108
3171112
3171113
3171114
3171303
3171306
3171307
3171309
3171402
3171410
3171506
3171508
3171608
3171609
3171610
3171611
3171612
3171613
3171614
3171618
3171708
3171710
3171712
3171714
3171716
3171719
3171720
3171910
3171911
3171917
3171918
3171921
3171922
3171923
3171925
3171926
3171930
3171931
3172008
3172109
3172208
3172210
3172211
3172212
3172213
3172214
3172215
3172217
3172312
3172313
3172314
3172316
3172320
3172402
3172413
3172418
3172507
3172509
3172510
3172511
3172610
3172612
3172617
3172904
3172911
3172912
3172913
3172914
3172915
3172917
3172919
3173211
3173212
3173213
3173215
3173411
3173520
3173617
3173618
3173621
3173625
3174018
3174021
3174022
3174029
3174202
